function g0=g0()

g0=9.80665;